-50	10	0	0	0	0
-49.75	10	0	0	0	0
-49.5	10	0	0	0	0
-49.25	10	0	0	0	0
-49	10	0	0	0	0
-48.75	10	0	0	0	0
-48.5	10	0	0	0	0
-48.25	10	0	0	0	0
-48	10	0	0	0	0
-47.75	10	0	0	0	0
-47.5	10	0	0	0	0
-47.25	10	0	0	0	0
-47	10	0	0	0	0
-46.75	10	0	0	0	0
-46.5	10	0	0	0	0
-46.25	10	0	0	0	0
-46	10	0	0	0	0
-45.75	10	0	0	0	0
-45.5	10	0	0	0	0
-45.25	10	0	0	0	0
-45	10	0	0	0	0
-44.75	10	0	0	0	0
-44.5	10	0	0	0	0
-44.25	10	0	0	0	0
-44	10	0	0	0	0
-43.75	10	0	0	0	0
-43.5	10	0	0	0	0
-43.25	10	0	0	0	0
-43	10	0	0	0	0
-42.75	10	0	0	0	0
-42.5	10	0	0	0	0
-42.25	10	0	0	0	0
-42	10	0	0	0	0
-41.75	10	0	0	0	0
-41.5	10	0	0	0	0
-41.25	10	0	0	0	0
-41	10	0	0	0	0
-40.75	10	0	0	0	0
-40.5	10	0	0	0	0
-40.25	10	0	0	0	0
-40	10	0	0	0	0
-39.75	10	0	0	0	0
-39.5	10	0	0	0	0
-39.25	10	0	0	0	0
-39	10	0	0	0	0
-38.75	10	0	0	0	0
-38.5	10	0	0	0	0
-38.25	10	0	0	0	0
-38	10	0	0	0	0
-37.75	10	0	0	0	0
-37.5	10	0	0	0	0
-37.25	10	0	0	0	0
-37	10	0	0	0	0
-36.75	10	0	0	0	0
-36.5	10	0	0	0	0
-36.25	10	0	0	0	0
-36	10	0	0	0	0
-35.75	10	0	0	0	0
-35.5	10	0	0	0	0
-35.25	10	0	0	0	0
-35	10	0	0	0	0
-34.75	10	0	0	0	0
-34.5	10	0	0	0	0
-34.25	10	0	0	0	0
-34	10	0	0	0	0
-33.75	10	0	0	0	0
-33.5	10	0	0	0	0
-33.25	10	0	0	0	0
-33	10	0	0	0	0
-32.75	10	0	0	0	0
-32.5	10	0	0	0	0
-32.25	10	0	0	0	0
-32	10	0	0	0	0
-31.75	10	0	0	0	0
-31.5	10	0	0	0	0
-31.25	10	0	0	0	0
-31	10	0	0	0	0
-30.75	10	0	0	0	0
-30.5	10	0	0	0	0
-30.25	10	0	0	0	0
-30	10	0	0	0	0
-29.75	10	0	0	0	0
-29.5	10	0	0	0	0
-29.25	10	0	0	0	0
-29	10	0	0	0	0
-28.75	10	0	0	0	0
-28.5	10	0	0	0	0
-28.25	10	0	0	0	0
-28	10	0	0	0	0
-27.75	10	0	0	0	0
-27.5	10	0	0	0	0
-27.25	10	0	0	0	0
-27	10	0	0	0	0
-26.75	10	0	0	0	0
-26.5	10	0	0	0	0
-26.25	10	0	0	0	0
-26	10	0	0	0	0
-25.75	10	0	0	0	0
-25.5	10	0	0	0	0
-25.25	10	0	0	0	0
-25	10	0	0	0	0
-24.75	10	0	0	2.39325e-319	0
-24.5	10	0	0	5.32461e-314	0
-24.25	10	0	0	1.04547e-308	0
-24	10	0	0	1.81159e-303	0
-23.75	10	0	0	2.7703e-298	0
-23.5	10	0	0	3.73868e-293	0
-23.25	10	0	0	4.45282e-288	0
-23	10	0	0	4.68035e-283	0
-22.75	10	0	0	4.3416e-278	0
-22.5	10	0	0	3.55428e-273	0
-22.25	10	0	0	2.56795e-268	0
-22	10	0	0	1.6374e-263	0
-21.75	10	0	0	9.21432e-259	0
-21.5	10	0	0	4.57628e-254	0
-21.25	10	0	0	2.00589e-249	0
-21	10	0	0	7.75978e-245	0
-20.75	10	0	0	2.6494e-240	0
-20.5	10	0	0	7.98369e-236	0
-20.25	10	0	0	2.12337e-231	0
-20	10	0	0	4.9845e-227	0
-19.75	10	0	0	1.03276e-222	0
-19.5	10	0	0	1.8887e-218	0
-19.25	10	0	0	3.0488e-214	0
-19	10	0	0	4.34416e-210	0
-18.75	10	0	0	5.46395e-206	0
-18.5	10	0	0	6.06661e-202	0
-18.25	10	0	0	5.94623e-198	0
-18	10	0	0	5.14531e-194	0
-17.75	10	0	0	3.93076e-190	0
-17.5	10	0	0	2.65132e-186	0
-17.25	10	0	0	1.57905e-182	0
-17	10	0	0	8.30434e-179	0
-16.75	10	0	0	3.85681e-175	0
-16.5	10	0	0	1.58199e-171	0
-16.25	10	0	0	5.73161e-168	0
-16	10	0	0	1.83441e-164	0
-15.75	10	0	0	5.18703e-161	0
-15.5	10	0	0	1.29601e-157	0
-15.25	10	0	0	2.8618e-154	0
-15	10	0	0	5.58587e-151	0
-14.75	10	0	0	9.6395e-148	0
-14.5	10	0	0	1.47107e-144	0
-14.25	10	0	0	1.98584e-141	0
-14	10	0	0	2.372e-138	0
-13.75	10	0	0	2.50779e-135	0
-13.5	10	0	0	2.34766e-132	0
-13.25	10	0	0	1.94685e-129	0
-13	10	0	0	1.43081e-126	0
-12.75	10	0	0	9.32425e-124	0
-12.5	10	0	0	5.3911e-121	0
-12.25	10	0	0	2.76728e-118	0
-12	10	0	0	1.26197e-115	0
-11.75	10	0	0	5.1169e-113	0
-11.5	10	0	0	1.8463e-110	0
-11.25	10	0	0	5.93398e-108	0
-11	10	0	0	1.70055e-105	0
-10.75	10	0	0	4.3503e-103	0
-10.5	10	0	0	9.94646e-101	0
-10.25	10	0	0	2.03521e-98	0
-10	10	0	0	3.73215e-96	0
-9.75	10	0	0	6.14288e-94	1.97626e-323
-9.5	10	0	0	9.08972e-92	1.25399e-317
-9.25	10	0	0	1.21125e-89	8.5926e-312
-9	10	0	0	1.45613e-87	5.19601e-306
-8.75	10	0	0	1.5822e-85	2.77286e-300
-8.5	10	0	0	1.55693e-83	1.30587e-294
-8.25	10	0	0	1.39024e-81	5.42732e-289
-8	10	0	0	1.12883e-79	1.9906e-283
-7.75	10	0	0	8.35213e-78	6.44309e-278
-7.5	10	0	0	5.64328e-76	1.84043e-272
-7.25	10	0	0	3.48957e-74	4.63934e-267
-7	10	0	0	1.97908e-72	1.03207e-261
-6.75	10	0	0	1.03169e-70	2.02615e-256
-6.5	10	0	0	4.95419e-69	3.51033e-251
-6.25	10	0	0	2.19615e-67	5.36709e-246
-6	10	0	0	9.00607e-66	7.24173e-241
-5.75	10	0	0	3.42368e-64	8.62301e-236
-5.5	10	0	0	1.20897e-62	9.06127e-231
-5.25	10	0	0	3.97344e-61	8.40296e-226
-5	10	0	0	1.21781e-59	6.87683e-221
-4.75	10	0	0	3.48708e-58	4.96659e-216
-4.5	10	0	0	9.34553e-57	3.16549e-211
-4.25	10	0	0	2.34833e-55	1.78048e-206
-4	10	0	0	5.5419e-54	8.83783e-202
-3.75	10	0	0	1.23028e-52	3.8714e-197
-3.5	10	0	0	2.57318e-51	1.49659e-192
-3.25	10	0	0	5.07811e-50	5.10566e-188
-3	10	0	0	9.4694e-49	1.53714e-183
-2.75	10	0	0	1.6708e-47	4.08403e-179
-2.5	10	0	0	2.79302e-46	9.57585e-175
-2.25	10	0	0	4.42911e-45	1.98143e-170
-2	10	0	0	6.6707e-44	3.61821e-166
-1.75	10	0	0	9.55286e-43	5.8307e-162
-1.5	10	0	0	1.3022e-41	8.29205e-158
-1.25	10	0	0	1.69142e-40	1.04068e-153
-1	10	0	0	2.09552e-39	1.15261e-149
-0.75	10	0	0	2.47861e-38	1.12659e-145
-0.5	10	0	0	2.80152e-37	9.71757e-142
-0.25	10	0	0	3.02845e-36	7.39716e-138
0	10	2.57689e-53	0	3.13363e-35	4.96918e-134
0.25	10	6.06428e-51	0	3.10611e-34	2.9459e-130
0.5	10	7.06548e-49	0	2.95155e-33	1.54122e-126
0.75	10	5.43352e-47	0	2.69066e-32	7.11581e-123
1	10	3.10246e-45	0	2.35472e-31	2.89933e-119
1.25	10	1.40282e-43	0	1.97957e-30	1.04252e-115
1.5	10	5.23184e-42	0	1.59964e-29	3.30813e-112
1.75	10	1.6552e-40	0	1.24323e-28	9.26393e-109
2	10	4.5342e-39	0	9.29817e-28	2.28939e-105
2.25	10	1.09244e-37	0	6.69572e-27	4.99298e-102
2.5	10	2.34361e-36	0	4.64483e-26	9.60974e-99
2.75	10	4.5215e-35	0	3.10546e-25	1.63221e-95
3	10	7.90938e-34	0	2.00201e-24	2.44656e-92
3.25	10	1.26311e-32	0	1.24504e-23	3.23629e-89
3.5	10	1.85226e-31	0	7.47229e-23	3.77791e-86
3.75	10	2.50666e-30	0	4.32968e-22	3.89197e-83
4	10	3.14413e-29	0	2.42299e-21	3.53835e-80
4.25	10	3.66912e-28	0	1.31007e-20	2.83887e-77
4.5	10	3.99695e-27	0	6.846e-20	2.01003e-74
4.75	10	4.07648e-26	0	3.45873e-19	1.25595e-71
5	10	3.90281e-25	0	1.68992e-18	6.9256e-69
5.25	10	3.51586e-24	0	7.98753e-18	3.37019e-66
5.5	10	2.98656e-23	0	3.6532e-17	1.44732e-63
5.75	10	2.39681e-22	0	1.6172e-16	5.48514e-61
6	10	1.82043e-21	0	6.93083e-16	1.83453e-58
6.25	10	1.31064e-20	0	2.87634e-15	5.4147e-56
6.5	10	8.95752e-20	0	1.15617e-14	1.41039e-53
6.75	10	5.81918e-19	0	4.50214e-14	3.24201e-51
7	10	3.59776e-18	0	1.69868e-13	6.57663e-49
7.25	10	2.11924e-17	0	6.21121e-13	1.17735e-46
7.5	10	1.19056e-16	0	2.20132e-12	1.86004e-44
7.75	10	6.38481e-16	0	7.56312e-12	2.59329e-42
8	10	3.27152e-15	0	2.51934e-11	3.19075e-40
8.25	10	1.60288e-14	0	8.13761e-11	3.46456e-38
8.5	10	7.51488e-14	0	2.54907e-10	3.31984e-36
8.75	10	3.37368e-13	0	7.74437e-10	2.80736e-34
9	10	1.45117e-12	0	2.28218e-09	2.09505e-32
9.25	10	5.98432e-12	0	6.52395e-09	1.37975e-30
9.5	10	2.36713e-11	0	1.80924e-08	8.01905e-29
9.75	10	8.98573e-11	0	4.86784e-08	4.11299e-27
10	10	3.27492e-10	0	1.27072e-07	1.86168e-25
10.25	10	1.14642e-09	0	3.21851e-07	7.43646e-24
10.5	10	3.85607e-09	0	7.90976e-07	2.62144e-22
10.75	10	1.24668e-08	0	1.88618e-06	8.15507e-21
11	10	3.87532e-08	0	4.36432e-06	2.23887e-19
11.25	10	1.15859e-07	0	9.7986e-06	5.42428e-18
11.5	10	3.33221e-07	0	2.13461e-05	1.15976e-16
11.75	10	9.22189e-07	0	4.51202e-05	2.18831e-15
12	10	2.45632e-06	0	9.25349e-05	3.64386e-14
12.25	10	6.29808e-06	0	0.000184121	5.35462e-13
12.5	10	1.55478e-05	0	0.000355417	6.94397e-12
12.75	10	3.69602e-05	0	0.000665556	7.94696e-11
13	10	8.46188e-05	0	0.00120895	8.02614e-10
13.25	10	0.000186605	0	0.00212994	7.15362e-09
13.5	10	0.000396424	0	0.00363934	5.62676e-08
13.75	10	0.00081138	0	0.00603011	3.90574e-07
14	10	0.00160018	0	0.00968774	2.39256e-06
14.25	10	0.0030412	0	0.0150888	1.29341e-05
14.5	10	0.00557068	0	0.0227804	6.17049e-05
14.75	10	0.00983598	0	0.0333328	0.000259787
15	10	0.0167435	0	0.0472621	0.000965227
15.25	10	0.0274838	0	0.0649241	0.00316486
15.5	10	0.0435123	0	0.0863902	0.00915782
15.75	10	0.0664628	0	0.111326	0.0233853
16	10	0.0979793	0	0.138902	0.0526996
16.25	10	0.139468	0	0.167763	0.104806
16.5	10	0.1918	0	0.196088	0.18394
16.75	10	0.255012	0	0.221745	0.284891
17	10	0.328087	0	0.24254	0.3894
17.25	10	0.408884	0	0.256514	0.469707
17.5	10	0.494268	0.5	0.26224	0.5
17.75	10	0.580441	1	0.259062	0.469707
18	10	0.663428	1	0.247212	0.3894
18.25	10	0.739617	1	0.227793	0.284891
18.5	10	0.806235	1	0.202603	0.18394
18.75	10	0.86165	1	0.173863	0.104806
19	10	0.90545	1	0.143893	0.0526996
19.25	10	0.938302	1	0.114801	0.0233853
19.5	10	0.961652	1	0.0882506	0.00915782
19.75	10	0.977353	1	0.0653344	0.00316486
20	10	0.987325	1	0.0465576	0.000965227
20.25	10	0.993295	1	0.0319172	0.000259787
20.5	10	0.996657	1	0.0210375	6.17049e-05
20.75	10	0.998434	1	0.013324	1.29341e-05
21	10	0.999313	1	0.00810351	2.39256e-06
21.25	10	0.999719	1	0.00472955	3.90574e-07
21.5	10	0.999893	1	0.0026471	5.62676e-08
21.75	10	0.999962	1	0.00141974	7.15362e-09
22	10	0.999988	1	0.000729119	8.02614e-10
22.25	10	0.999996	1	0.000358255	7.94696e-11
22.5	10	0.999999	1	0.000168276	6.94397e-12
22.75	10	1	1	7.54928e-05	5.35462e-13
23	10	1	1	3.23175e-05	3.64386e-14
23.25	10	1	1	1.31885e-05	2.18831e-15
23.5	10	1	1	5.12552e-06	1.15976e-16
23.75	10	1	1	1.89496e-06	5.42428e-18
24	10	1	1	6.65729e-07	2.23887e-19
24.25	10	1	1	2.21983e-07	8.15507e-21
24.5	10	1	1	7.01673e-08	2.62144e-22
24.75	10	1	1	2.09984e-08	7.43646e-24
25	10	1	1	5.94143e-09	1.86168e-25
25.25	10	1	1	1.58723e-09	4.11299e-27
25.5	10	1	1	3.99762e-10	8.01905e-29
25.75	10	1	1	9.47786e-11	1.37975e-30
26	10	1	1	2.11192e-11	2.09505e-32
26.25	10	1	1	4.41556e-12	2.80736e-34
26.5	10	1	1	8.6475e-13	3.31984e-36
26.75	10	1	1	1.5835e-13	3.46456e-38
27	10	1	1	2.70627e-14	3.19075e-40
27.25	10	1	1	4.30847e-15	2.59329e-42
27.5	10	1	1	6.37712e-16	1.86004e-44
27.75	10	1	1	8.75799e-17	1.17735e-46
28	10	1	1	1.1137e-17	6.57663e-49
28.25	10	1	1	1.30861e-18	3.24201e-51
28.5	10	1	1	1.41775e-19	1.41039e-53
28.75	10	1	1	1.41319e-20	5.4147e-56
29	10	1	1	1.29323e-21	1.83453e-58
29.25	10	1	1	1.08411e-22	5.48514e-61
29.5	10	1	1	8.30713e-24	1.44732e-63
29.75	10	1	1	5.80596e-25	3.37019e-66
30	10	1	1	3.69331e-26	6.9256e-69
30.25	10	1	1	2.13388e-27	1.25595e-71
30.5	10	1	1	1.11751e-28	2.01003e-74
30.75	10	1	1	5.29422e-30	2.83887e-77
31	10	1	1	2.2646e-31	3.53835e-80
31.25	10	1	1	8.7302e-33	3.89197e-83
31.5	10	1	1	3.02793e-34	3.77791e-86
31.75	10	1	1	9.43274e-36	3.23629e-89
32	10	1	1	2.63526e-37	2.44656e-92
32.25	10	1	1	6.59278e-39	1.63221e-95
32.5	10	1	1	1.47496e-40	9.60974e-99
32.75	10	1	1	2.94721e-42	4.99298e-102
33	10	1	1	5.25355e-44	2.28939e-105
33.25	10	1	1	8.34521e-46	9.26393e-109
33.5	10	1	1	1.18015e-47	3.30813e-112
33.75	10	1	1	1.48443e-49	1.04252e-115
34	10	1	1	1.6594e-51	2.89933e-119
34.25	10	1	1	1.64736e-53	7.11581e-123
34.5	10	1	1	1.45136e-55	1.54122e-126
34.75	10	1	1	1.13411e-57	2.9459e-130
35	10	1	1	7.85567e-60	4.96918e-134
35.25	10	1	1	4.82115e-62	7.39716e-138
35.5	10	1	1	2.62039e-64	9.71757e-142
35.75	10	1	1	1.26083e-66	1.12659e-145
36	10	1	1	5.36872e-69	1.15261e-149
36.25	10	1	1	2.02242e-71	1.04068e-153
36.5	10	1	1	6.73808e-74	8.29205e-158
36.75	10	1	1	1.98499e-76	5.8307e-162
37	10	1	1	5.16939e-79	3.61821e-166
37.25	10	1	1	1.18986e-81	1.98143e-170
37.5	10	1	1	2.4202e-84	9.57585e-175
37.75	10	1	1	4.34948e-87	4.08403e-179
38	10	1	1	6.90549e-90	1.53714e-183
38.25	10	1	1	9.68434e-93	5.10566e-188
38.5	10	1	1	1.19955e-95	1.49659e-192
38.75	10	1	1	1.31218e-98	3.8714e-197
39	10	1	1	1.26754e-101	8.83783e-202
39.25	10	1	1	1.08117e-104	1.78048e-206
39.5	10	1	1	8.14243e-108	3.16549e-211
39.75	10	1	1	5.41404e-111	4.96659e-216
40	10	1	1	3.17814e-114	6.87683e-221
40.25	10	1	1	1.64698e-117	8.40296e-226
40.5	10	1	1	7.53439e-121	9.06127e-231
40.75	10	1	1	3.04256e-124	8.62301e-236
41	10	1	1	1.08454e-127	7.24173e-241
41.25	10	1	1	3.4124e-131	5.36709e-246
41.5	10	1	1	9.4769e-135	3.51033e-251
41.75	10	1	1	2.32304e-138	2.02615e-256
42	10	1	1	5.02602e-142	1.03207e-261
42.25	10	1	1	9.59755e-146	4.63934e-267
42.5	10	1	1	1.61755e-149	1.84043e-272
42.75	10	1	1	2.4061e-153	6.44309e-278
43	10	1	1	3.15878e-157	1.9906e-283
43.25	10	1	1	3.65992e-161	5.42732e-289
43.5	10	1	1	3.74255e-165	1.30587e-294
43.75	10	1	1	3.37756e-169	2.77286e-300
44	10	1	1	2.69014e-173	5.19601e-306
44.25	10	1	1	1.89095e-177	8.5926e-312
44.5	10	1	1	1.17305e-181	1.25399e-317
44.75	10	1	1	6.42217e-186	1.97626e-323
45	10	1	1	3.10295e-190	0
45.25	10	1	1	1.3231e-194	0
45.5	10	1	1	4.97893e-199	0
45.75	10	1	1	1.65349e-203	0
46	10	1	1	4.84606e-208	0
46.25	10	1	1	1.25342e-212	0
46.5	10	1	1	2.86105e-217	0
46.75	10	1	1	5.7633e-222	0
47	10	1	1	1.02456e-226	0
47.25	10	1	1	1.60738e-231	0
47.5	10	1	1	2.22546e-236	0
47.75	10	1	1	2.71917e-241	0
48	10	1	1	2.93204e-246	0
48.25	10	1	1	2.7901e-251	0
48.5	10	1	1	2.34306e-256	0
48.75	10	1	1	1.73646e-261	0
49	10	1	1	1.13569e-266	0
49.25	10	1	1	6.55496e-272	0
49.5	10	1	1	3.33883e-277	0
49.75	10	1	1	1.50084e-282	0
50	10	1	1	0	0
