-50	10	0	0	0	0
-49.75	10	0	0	0	0
-49.5	10	0	0	0	0
-49.25	10	0	0	0	0
-49	10	0	0	0	0
-48.75	10	0	0	0	0
-48.5	10	0	0	0	0
-48.25	10	0	0	0	0
-48	10	0	0	0	0
-47.75	10	0	0	0	0
-47.5	10	0	0	0	0
-47.25	10	0	0	0	0
-47	10	0	0	0	0
-46.75	10	0	0	0	0
-46.5	10	0	0	0	0
-46.25	10	0	0	0	0
-46	10	0	0	0	0
-45.75	10	0	0	0	0
-45.5	10	0	0	0	0
-45.25	10	0	0	0	0
-45	10	0	0	0	0
-44.75	10	0	0	0	0
-44.5	10	0	0	0	0
-44.25	10	0	0	0	0
-44	10	0	0	0	0
-43.75	10	0	0	0	0
-43.5	10	0	0	0	0
-43.25	10	0	0	0	0
-43	10	0	0	0	0
-42.75	10	0	0	0	0
-42.5	10	0	0	0	0
-42.25	10	0	0	0	0
-42	10	0	0	0	0
-41.75	10	0	0	0	0
-41.5	10	0	0	0	0
-41.25	10	0	0	0	0
-41	10	0	0	0	0
-40.75	10	0	0	0	0
-40.5	10	0	0	0	0
-40.25	10	0	0	0	0
-40	10	0	0	0	0
-39.75	10	0	0	0	0
-39.5	10	0	0	0	0
-39.25	10	0	0	0	0
-39	10	0	0	0	0
-38.75	10	0	0	0	0
-38.5	10	0	0	0	0
-38.25	10	0	0	0	0
-38	10	0	0	0	0
-37.75	10	0	0	0	0
-37.5	10	0	0	0	0
-37.25	10	0	0	0	0
-37	10	0	0	0	0
-36.75	10	0	0	0	0
-36.5	10	0	0	0	0
-36.25	10	0	0	0	0
-36	10	0	0	0	0
-35.75	10	0	0	0	0
-35.5	10	0	0	0	0
-35.25	10	0	0	0	0
-35	10	0	0	0	0
-34.75	10	0	0	0	0
-34.5	10	0	0	0	0
-34.25	10	0	0	0	0
-34	10	0	0	0	0
-33.75	10	0	0	0	0
-33.5	10	0	0	0	0
-33.25	10	0	0	0	0
-33	10	0	0	0	0
-32.75	10	0	0	0	0
-32.5	10	0	0	0	0
-32.25	10	0	0	0	0
-32	10	0	0	0	0
-31.75	10	0	0	0	0
-31.5	10	0	0	0	0
-31.25	10	0	0	0	0
-31	10	0	0	0	0
-30.75	10	0	0	0	0
-30.5	10	0	0	0	0
-30.25	10	0	0	0	0
-30	10	0	0	0	0
-29.75	10	0	0	0	0
-29.5	10	0	0	0	0
-29.25	10	0	0	0	0
-29	10	0	0	0	0
-28.75	10	0	0	0	0
-28.5	10	0	0	0	0
-28.25	10	0	0	0	0
-28	10	0	0	0	0
-27.75	10	0	0	0	0
-27.5	10	0	0	0	0
-27.25	10	0	0	4.94066e-324	0
-27	10	0	0	9.88131e-324	0
-26.75	10	0	0	9.88131e-324	0
-26.5	10	0	0	9.88131e-324	0
-26.25	10	0	0	4.94066e-323	0
-26	10	0	0	2.00214e-317	0
-25.75	10	0	0	8.32117e-312	0
-25.5	10	0	0	3.05203e-306	0
-25.25	10	0	0	9.87884e-301	0
-25	10	0	0	2.82187e-295	0
-24.75	10	0	0	7.1135e-290	0
-24.5	10	0	0	1.5825e-284	0
-24.25	10	0	0	3.10684e-279	0
-24	10	0	0	5.38279e-274	0
-23.75	10	0	0	8.23022e-269	0
-23.5	10	0	0	1.11053e-263	0
-23.25	10	0	0	1.32241e-258	0
-23	10	0	0	1.38968e-253	0
-22.75	10	0	0	1.28878e-248	0
-22.5	10	0	0	1.05478e-243	0
-22.25	10	0	0	7.61833e-239	0
-22	10	0	0	4.85596e-234	0
-21.75	10	0	0	2.73154e-229	0
-21.5	10	0	0	1.356e-224	0
-21.25	10	0	0	5.94058e-220	0
-21	10	0	0	2.29677e-215	0
-20.75	10	0	0	7.8366e-211	0
-20.5	10	0	0	2.35971e-206	0
-20.25	10	0	0	6.27064e-202	0
-20	10	0	0	1.47058e-197	0
-19.75	10	0	0	3.04362e-193	0
-19.5	10	0	0	5.55929e-189	0
-19.25	10	0	0	8.96141e-185	0
-19	10	0	0	1.27486e-180	0
-18.75	10	0	0	1.6006e-176	0
-18.5	10	0	0	1.77353e-172	0
-18.25	10	0	0	1.73433e-168	0
-18	10	0	0	1.49681e-164	0
-17.75	10	0	0	1.14011e-160	0
-17.5	10	0	0	7.66437e-157	0
-17.25	10	0	0	4.54737e-153	0
-17	10	0	0	2.38124e-149	0
-16.75	10	0	0	1.10056e-145	0
-16.5	10	0	0	4.48949e-142	0
-16.25	10	0	0	1.61644e-138	0
-16	10	0	0	5.13706e-135	0
-15.75	10	0	0	1.44102e-131	0
-15.5	10	0	0	3.56808e-128	0
-15.25	10	0	0	7.79876e-125	0
-15	10	0	0	1.50472e-121	0
-14.75	10	0	0	2.56297e-118	0
-14.5	10	0	0	3.85395e-115	0
-14.25	10	0	0	5.11641e-112	0
-14	10	0	0	5.99716e-109	0
-13.75	10	0	0	6.2069e-106	0
-13.5	10	0	0	5.67262e-103	0
-13.25	10	0	0	4.57833e-100	0
-13	10	0	0	3.26352e-97	0
-12.75	10	0	0	2.05477e-94	0
-12.5	10	0	0	1.14286e-91	0
-12.25	10	0	0	5.61601e-89	0
-12	10	0	0	2.43857e-86	0
-11.75	10	0	0	9.35813e-84	0
-11.5	10	0	0	3.17446e-81	0
-11.25	10	0	0	9.52072e-79	0
-11	10	0	0	2.52519e-76	0
-10.75	10	0	0	5.92462e-74	0
-10.5	10	0	0	1.22999e-71	0
-10.25	10	0	0	2.26028e-69	0
-10	10	0	0	3.67799e-67	0
-9.75	10	0	0	5.30191e-65	2.17251e-319
-9.5	10	0	0	6.77385e-63	1.54552e-313
-9.25	10	0	0	7.67455e-61	9.70301e-308
-9	10	0	0	7.71511e-59	5.3759e-302
-8.75	10	0	0	6.88639e-57	2.62851e-296
-8.5	10	0	0	5.46161e-55	1.13417e-290
-8.25	10	0	0	3.85197e-53	4.31881e-285
-8	10	0	0	2.41807e-51	1.45131e-279
-7.75	10	0	0	1.35241e-49	4.30399e-274
-7.5	10	0	0	6.74641e-48	1.12641e-268
-7.25	10	0	0	3.00524e-46	2.60155e-263
-7	10	0	0	1.19698e-44	5.30252e-258
-6.75	10	0	0	4.26883e-43	9.53774e-253
-6.5	10	0	0	1.36522e-41	1.51399e-247
-6.25	10	0	0	3.92171e-40	2.12086e-242
-6	10	0	0	1.01365e-38	2.62189e-237
-5.75	10	0	0	2.3618e-37	2.86042e-232
-5.5	10	0	0	4.97048e-36	2.75397e-227
-5.25	10	0	0	9.46789e-35	2.33992e-222
-5	10	0	0	1.63587e-33	1.75452e-217
-4.75	10	0	0	2.56961e-32	1.16098e-212
-4.5	10	0	0	3.67808e-31	6.77966e-208
-4.25	10	0	0	4.80903e-30	3.49384e-203
-4	10	0	0	5.75762e-29	1.58895e-198
-3.75	10	0	0	6.32797e-28	6.37724e-194
-3.5	10	0	0	6.40059e-27	2.25875e-189
-3.25	10	0	0	5.97331e-26	7.06018e-185
-3	10	0	0	5.15652e-25	1.9475e-180
-2.75	10	0	0	4.12807e-24	4.74079e-176
-2.5	10	0	0	3.0724e-23	1.01845e-171
-2.25	10	0	0	2.13121e-22	1.93081e-167
-2	10	0	0	1.38119e-21	3.23037e-163
-1.75	10	0	0	8.38298e-21	4.76958e-159
-1.5	10	0	0	4.77611e-20	6.2147e-155
-1.25	10	0	0	2.56017e-19	7.14617e-151
-1	10	0	0	1.29401e-18	7.2517e-147
-0.75	10	0	0	6.18034e-18	6.49411e-143
-0.5	10	0	0	2.79503e-17	5.13231e-139
-0.25	10	0	0	1.19929e-16	3.57947e-135
0	10	7.66526e-24	0	4.89172e-16	2.20312e-131
0.25	10	3.27803e-22	0	1.90018e-15	1.19666e-127
0.5	10	7.07352e-21	0	7.042e-15	5.7361e-124
0.75	10	1.02689e-19	0	2.49402e-14	2.42647e-120
1	10	1.12829e-18	0	8.45504e-14	9.05832e-117
1.25	10	1.00077e-17	0	2.74801e-13	2.98423e-113
1.5	10	7.4642e-17	0	8.57544e-13	8.67624e-110
1.75	10	4.81485e-16	0	2.57306e-12	2.22609e-106
2	10	2.74203e-15	0	7.4335e-12	5.04044e-103
2.25	10	1.40046e-14	0	2.07039e-11	1.00718e-99
2.5	10	6.49464e-14	0	5.56634e-11	1.77606e-96
2.75	10	2.76231e-13	0	1.44632e-10	2.7639e-93
3	10	1.08644e-12	0	3.63605e-10	3.79577e-90
3.25	10	3.97889e-12	0	8.85408e-10	4.60034e-87
3.5	10	1.3649e-11	0	2.09053e-09	4.92033e-84
3.75	10	4.4078e-11	0	4.79073e-09	4.64421e-81
4	10	1.34599e-10	0	1.06658e-08	3.86849e-78
4.25	10	3.90155e-10	0	2.30904e-08	2.84371e-75
4.5	10	1.0772e-09	0	4.86512e-08	1.84477e-72
4.75	10	2.84146e-09	0	9.98485e-08	1.05612e-69
5	10	7.18057e-09	0	1.99767e-07	5.33575e-67
5.25	10	1.74267e-08	0	3.8992e-07	2.37898e-64
5.5	10	4.07079e-08	0	7.43044e-07	9.36055e-62
5.75	10	9.17126e-08	0	1.3834e-06	3.2503e-59
6	10	1.9965e-07	0	2.51806e-06	9.96001e-57
6.25	10	4.20665e-07	0	4.48388e-06	2.69345e-54
6.5	10	8.5923e-07	0	7.81594e-06	6.42793e-52
6.75	10	1.70378e-06	0	1.33446e-05	1.35378e-49
7	10	3.28419e-06	0	2.23295e-05	2.51614e-47
7.25	10	6.16159e-06	0	3.66385e-05	4.12703e-45
7.5	10	1.12644e-05	0	5.8981e-05	5.97382e-43
7.75	10	2.00882e-05	0	9.32019e-05	7.63098e-41
8	10	3.4981e-05	0	0.00014464	8.60244e-39
8.25	10	5.95373e-05	0	0.000220549	8.55808e-37
8.5	10	9.91286e-05	0	0.000330577	7.51354e-35
8.75	10	0.000161594	0	0.000487285	5.82137e-33
9	10	0.000258114	0	0.000706671	3.98033e-31
9.25	10	0.000404278	0	0.00100868	2.40174e-29
9.5	10	0.000621353	0	0.0014176	1.27893e-27
9.75	10	0.000937734	0	0.00196242	6.01009e-26
10	10	0.00139052	0	0.00267683	2.49246e-24
10.25	10	0.00202722	0	0.00359909	9.12196e-23
10.5	10	0.00290733	0	0.0047715	2.9462e-21
10.75	10	0.00410396	0	0.00623952	8.39746e-20
11	10	0.00570499	0	0.00805039	2.11226e-18
11.25	10	0.00781394	0	0.0102515	4.68879e-17
11.5	10	0.0105502	0	0.012888	9.18516e-16
11.75	10	0.0140485	0	0.0160008	1.58791e-14
12	10	0.0184575	0	0.0196233	2.42258e-13
12.25	10	0.0239374	0	0.023779	3.2617e-12
12.5	10	0.0306569	0	0.0284786	3.87546e-11
12.75	10	0.0387884	0	0.0337176	4.06364e-10
13	10	0.048503	0	0.0394742	3.76028e-09
13.25	10	0.0599646	0	0.0457078	3.07071e-08
13.5	10	0.0733235	0	0.0523584	2.21294e-07
13.75	10	0.0887095	0	0.059347	1.40739e-06
14	10	0.106226	0	0.0665762	7.89902e-06
14.25	10	0.125943	0	0.073933	3.91241e-05
14.5	10	0.147893	0	0.0812914	0.000171013
14.75	10	0.172067	0	0.0885161	0.000659669
15	10	0.198411	0	0.0954674	0.00224562
15.25	10	0.226825	0	0.102005	0.00674623
15.5	10	0.257164	0	0.107995	0.0178854
15.75	10	0.289242	0	0.113311	0.0418455
16	10	0.322832	0	0.117842	0.0863996
16.25	10	0.357676	0	0.121497	0.15743
16.5	10	0.393489	0	0.124203	0.25315
16.75	10	0.429966	0	0.125913	0.359237
17	10	0.466794	0	0.126604	0.449881
17.25	10	0.503653	0	0.126277	0.497195
17.5	10	0.540233	1	0.124958	0.48492
17.75	10	0.576235	1	0.122695	0.417374
18	10	0.611381	1	0.119557	0.317026
18.25	10	0.645417	1	0.115629	0.212509
18.5	10	0.678122	1	0.111007	0.125711
18.75	10	0.709307	1	0.105801	0.0656267
19	10	0.738818	1	0.100123	0.0302345
19.25	10	0.766541	1	0.0940884	0.0122924
19.5	10	0.792395	1	0.0878103	0.00441048
19.75	10	0.816334	1	0.0813977	0.00139652
20	10	0.838346	1	0.0749523	0.000390231
20.25	10	0.858448	1	0.0685663	9.62297e-05
20.5	10	0.876681	1	0.0623211	2.09416e-05
20.75	10	0.89311	1	0.0562864	4.02184e-06
21	10	0.907817	1	0.0505195	6.81635e-07
21.25	10	0.9209	1	0.0450656	1.01951e-07
21.5	10	0.932463	1	0.0399579	1.34569e-08
21.75	10	0.942621	1	0.0352187	1.56752e-09
22	10	0.95149	1	0.03086	1.61136e-10
22.25	10	0.959188	1	0.026885	1.46179e-11
22.5	10	0.96583	1	0.0232892	1.17029e-12
22.75	10	0.971528	1	0.0200616	8.26822e-14
23	10	0.976388	1	0.0171862	5.15519e-15
23.25	10	0.980511	1	0.0146431	2.83655e-16
23.5	10	0.983988	1	0.0124096	1.37737e-17
23.75	10	0.986906	1	0.0104614	5.90231e-19
24	10	0.98934	1	0.00877333	2.23207e-20
24.25	10	0.991362	1	0.00732001	7.44915e-22
24.5	10	0.993031	1	0.00607664	2.19391e-23
24.75	10	0.994402	1	0.0050194	5.70222e-25
25	10	0.995524	1	0.00412579	1.30792e-26
25.25	10	0.996436	1	0.00337488	2.64749e-28
25.5	10	0.997174	1	0.00274749	4.72932e-30
25.75	10	0.997769	1	0.00222622	7.45549e-32
26	10	0.998246	1	0.00179549	1.03721e-33
26.25	10	0.998627	1	0.00144148	1.27342e-35
26.5	10	0.998929	1	0.00115205	1.37971e-37
26.75	10	0.999169	1	0.000916632	1.31923e-39
27	10	0.999357	1	0.000726122	1.11318e-41
27.25	10	0.999505	1	0.000572715	8.28935e-44
27.5	10	0.99962	1	0.000449787	5.44742e-46
27.75	10	0.999709	1	0.000351754	3.15918e-48
28	10	0.999779	1	0.000273943	1.61685e-50
28.25	10	0.999832	1	0.000212467	7.30265e-53
28.5	10	0.999873	1	0.000164118	2.91074e-55
28.75	10	0.999904	1	0.000126263	1.02386e-57
29	10	0.999928	1	9.67561e-05	3.17826e-60
29.25	10	0.999946	1	7.38549e-05	8.70666e-63
29.5	10	0.99996	1	5.61567e-05	2.10488e-65
29.75	10	0.99997	1	4.2537e-05	4.49072e-68
30	10	0.999978	1	3.20993e-05	8.4551e-71
30.25	10	0.999984	1	2.41328e-05	1.40486e-73
30.5	10	0.999988	1	1.80768e-05	2.05998e-76
30.75	10	0.999991	1	1.34914e-05	2.66566e-79
31	10	0.999994	1	1.00331e-05	3.0441e-82
31.25	10	0.999995	1	7.43489e-06	3.0678e-85
31.5	10	0.999997	1	5.49023e-06	2.7284e-88
31.75	10	0.999998	1	4.04021e-06	2.14142e-91
32	10	0.999998	1	2.963e-06	1.48324e-94
32.25	10	0.999999	1	2.16566e-06	9.06632e-98
32.5	10	0.999999	1	1.5776e-06	4.89064e-101
32.75	10	0.999999	1	1.14543e-06	2.32816e-104
33	10	1	1	8.28944e-07	9.78077e-108
33.25	10	1	1	5.97969e-07	3.62616e-111
33.5	10	1	1	4.29978e-07	1.18641e-114
33.75	10	1	1	3.08207e-07	3.42557e-118
34	10	1	1	2.20235e-07	8.72864e-122
34.25	10	1	1	1.56888e-07	1.96279e-125
34.5	10	1	1	1.11421e-07	3.89504e-129
34.75	10	1	1	7.88925e-08	6.82127e-133
35	10	1	1	5.5694e-08	1.05422e-136
35.25	10	1	1	3.92013e-08	1.43784e-140
35.5	10	1	1	2.75121e-08	1.73062e-144
35.75	10	1	1	1.92528e-08	1.83826e-148
36	10	1	1	1.34346e-08	1.72316e-152
36.25	10	1	1	9.34821e-09	1.42547e-156
36.5	10	1	1	6.48661e-09	1.04065e-160
36.75	10	1	1	4.48855e-09	6.70443e-165
37	10	1	1	3.09747e-09	3.81183e-169
37.25	10	1	1	2.13172e-09	1.91257e-173
37.5	10	1	1	1.46316e-09	8.46868e-178
37.75	10	1	1	1.00162e-09	3.30923e-182
38	10	1	1	6.83866e-10	1.14117e-186
38.25	10	1	1	4.65707e-10	3.47287e-191
38.5	10	1	1	3.16329e-10	9.32693e-196
38.75	10	1	1	2.14318e-10	2.21056e-200
39	10	1	1	1.44839e-10	4.62359e-205
39.25	10	1	1	9.76403e-11	8.53433e-210
39.5	10	1	1	6.566e-11	1.39019e-214
39.75	10	1	1	4.40465e-11	1.99843e-219
40	10	1	1	2.94762e-11	2.53524e-224
40.25	10	1	1	1.96784e-11	2.83833e-229
40.5	10	1	1	1.31063e-11	2.80426e-234
40.75	10	1	1	8.70861e-12	2.44505e-239
41	10	1	1	5.77308e-12	1.88135e-244
41.25	10	1	1	3.81826e-12	1.27751e-249
41.5	10	1	1	2.51961e-12	7.65552e-255
41.75	10	1	1	1.6589e-12	4.04852e-260
42	10	1	1	1.08977e-12	1.88943e-265
42.25	10	1	1	7.14308e-13	7.7818e-271
42.5	10	1	1	4.6718e-13	2.82841e-276
42.75	10	1	1	3.04886e-13	9.07228e-282
43	10	1	1	1.98543e-13	2.56806e-287
43.25	10	1	1	1.29016e-13	6.41514e-293
43.5	10	1	1	8.36599e-14	1.41423e-298
43.75	10	1	1	5.41351e-14	2.75136e-304
44	10	1	1	3.49574e-14	4.72377e-310
44.25	10	1	1	2.25271e-14	7.15719e-316
44.5	10	1	1	1.44873e-14	9.58487e-322
44.75	10	1	1	9.29806e-15	0
45	10	1	1	5.95562e-15	0
45.25	10	1	1	3.80716e-15	0
45.5	10	1	1	2.42896e-15	0
45.75	10	1	1	1.54666e-15	0
46	10	1	1	9.82943e-16	0
46.25	10	1	1	6.23493e-16	0
46.5	10	1	1	3.9474e-16	0
46.75	10	1	1	2.49444e-16	0
47	10	1	1	1.57335e-16	0
47.25	10	1	1	9.9055e-17	0
47.5	10	1	1	6.22488e-17	0
47.75	10	1	1	3.90478e-17	0
48	10	1	1	2.445e-17	0
48.25	10	1	1	1.52823e-17	0
48.5	10	1	1	9.53512e-18	0
48.75	10	1	1	5.93886e-18	0
49	10	1	1	3.69252e-18	0
49.25	10	1	1	2.29189e-18	0
49.5	10	1	1	1.42011e-18	0
49.75	10	1	1	8.78439e-19	0
50	10	1	1	0	0
