-50	10	0	0	0	0
-49.75	10	0	0	0	0
-49.5	10	-1.51453e-92	0	-1.7456e-85	0
-49.25	10	-3.033e-92	0	5.85539e-84	0
-49	10	5.76397e-90	0	3.4774e-83	0
-48.75	10	1.15583e-89	0	-2.07022e-82	0
-48.5	10	-1.44651e-87	0	-2.74753e-81	0
-48.25	10	-2.90458e-87	0	1.35668e-81	0
-48	10	2.69263e-85	0	1.49094e-79	0
-47.75	10	5.41431e-85	0	4.27695e-79	0
-47.5	10	-3.96512e-83	0	-5.93015e-78	0
-47.25	10	-7.98438e-83	0	-3.8504e-77	0
-47	10	4.81093e-81	0	1.56902e-76	0
-46.75	10	9.70171e-81	0	2.15233e-75	0
-46.5	10	-4.94617e-79	0	-7.74674e-76	0
-46.25	10	-9.98936e-79	0	-9.13144e-74	0
-46	10	4.39813e-77	0	-2.04244e-73	0
-45.75	10	8.89616e-77	0	3.04753e-72	0
-45.5	10	-3.43559e-75	0	1.50709e-71	0
-45.25	10	-6.96015e-75	0	-7.64867e-71	0
-45	10	2.3867e-73	0	-7.09686e-70	0
-44.75	10	4.843e-73	0	1.08367e-69	0
-44.5	10	-1.4892e-71	0	2.6146e-68	0
-44.25	10	-3.02683e-71	0	1.88097e-68	0
-44	10	8.41398e-70	0	-7.92043e-67	0
-43.75	10	1.71306e-69	0	-2.13204e-66	0
-43.5	10	-4.33409e-68	0	1.97344e-65	0
-43.25	10	-8.83948e-68	0	9.89676e-65	0
-43	10	2.04713e-66	0	-3.83154e-64	0
-42.75	10	4.18265e-66	0	-3.4201e-63	0
-42.5	10	-8.91018e-65	0	4.48195e-63	0
-42.25	10	-1.82386e-64	0	9.75981e-62	0
-42	10	3.58905e-63	0	4.45093e-62	0
-41.75	10	7.36049e-63	0	-2.37292e-60	0
-41.5	10	-1.34289e-61	0	-4.78923e-60	0
-41.25	10	-2.75939e-61	0	4.92451e-59	0
-41	10	4.68268e-60	0	1.84806e-58	0
-40.75	10	9.6413e-60	0	-8.483e-58	0
-40.5	10	-1.52614e-58	0	-5.30676e-57	0
-40.25	10	-3.14868e-58	0	1.09423e-56	0
-40	10	4.66072e-57	0	1.27157e-55	0
-39.75	10	9.63631e-57	0	-5.54121e-56	0
-39.5	10	-1.3368e-55	0	-2.63864e-54	0
-39.25	10	-2.76997e-55	0	-2.30901e-54	0
-39	10	3.60851e-54	0	4.794e-53	0
-38.75	10	7.49403e-54	0	1.02999e-52	0
-38.5	10	-9.18402e-53	0	-7.57822e-52	0
-38.25	10	-1.91174e-52	0	-2.76228e-51	0
-38	10	2.2075e-51	0	1.01095e-50	0
-37.75	10	4.60617e-51	0	5.92893e-50	0
-37.5	10	-5.01854e-50	0	-1.03223e-49	0
-37.25	10	-1.04977e-49	0	-1.09356e-48	0
-37	10	1.08056e-48	0	4.669e-49	0
-36.75	10	2.2661e-48	0	1.77875e-47	0
-36.5	10	-2.2062e-47	0	1.16758e-47	0
-36.25	10	-4.63901e-47	0	-2.57153e-46	0
-36	10	4.27602e-46	0	-4.37952e-46	0
-35.75	10	9.01593e-46	0	3.28851e-45	0
-35.5	10	-7.87521e-45	0	9.51198e-45	0
-35.25	10	-1.6652e-44	0	-3.64036e-44	0
-35	10	1.37943e-43	0	-1.6502e-43	0
-34.75	10	2.92538e-43	0	3.28018e-43	0
-34.5	10	-2.29986e-42	0	2.46793e-42	0
-34.25	10	-4.89225e-42	0	-1.90218e-42	0
-34	10	3.65237e-41	0	-3.27209e-41	0
-33.75	10	7.79397e-41	0	-6.32009e-42	0
-33.5	10	-5.52839e-40	0	3.88469e-40	0
-33.25	10	-1.18362e-39	0	4.18525e-40	0
-33	10	7.98026e-39	0	-4.12601e-39	0
-32.75	10	1.71441e-38	0	-8.30827e-39	0
-32.5	10	-1.09911e-37	0	3.87125e-38	0
-32.25	10	-2.36967e-37	0	1.23088e-37	0
-32	10	1.44497e-36	0	-3.0993e-37	0
-31.75	10	3.12691e-36	0	-1.54207e-36	0
-31.5	10	-1.81395e-35	0	1.91279e-36	0
-31.25	10	-3.94058e-35	0	1.70201e-35	0
-31	10	2.17504e-34	0	-5.17954e-36	0
-30.75	10	4.74413e-34	0	-1.68118e-34	0
-30.5	10	-2.49166e-33	0	-8.31003e-35	0
-30.25	10	-5.45773e-33	0	1.49121e-33	0
-30	10	2.7275e-32	0	1.90307e-33	0
-29.75	10	6.00076e-32	0	-1.17991e-32	0
-29.5	10	-2.85328e-31	0	-2.55105e-32	0
-29.25	10	-6.30663e-31	0	8.15345e-32	0
-29	10	2.85266e-30	0	2.74068e-31	0
-28.75	10	6.33598e-30	0	-4.65503e-31	0
-28.5	10	-2.7257e-29	0	-2.54175e-30	0
-28.25	10	-6.085e-29	0	1.81069e-30	0
-28	10	2.48883e-28	0	2.08961e-29	0
-27.75	10	5.58616e-28	0	1.33722e-30	0
-27.5	10	-2.1714e-27	0	-1.53574e-28	0
-27.25	10	-4.90142e-27	0	-1.18579e-28	0
-27	10	1.80976e-26	0	1.00597e-27	0
-26.75	10	4.10965e-26	0	1.52901e-27	0
-26.5	10	-1.44049e-25	0	-5.77889e-27	0
-26.25	10	-3.29196e-25	0	-1.41959e-26	0
-26	10	1.0946e-24	0	2.78958e-26	0
-25.75	10	2.51839e-24	0	1.09834e-25	0
-25.5	10	-7.93694e-24	0	-9.91833e-26	0
-25.25	10	-1.83923e-23	0	-7.39663e-25	0
-25	10	5.48866e-23	0	9.09756e-26	0
-24.75	10	1.28166e-22	0	4.39523e-24	0
-24.5	10	-3.61752e-22	0	2.45048e-24	0
-24.25	10	-8.51669e-22	0	-2.29909e-23	0
-24	10	2.27063e-21	0	-2.89242e-23	0
-23.75	10	5.39293e-21	0	1.03836e-22	0
-23.5	10	-1.35605e-20	0	2.21448e-22	0
-23.25	10	-3.25139e-20	0	-3.83403e-22	0
-23	10	7.69717e-20	0	-1.36694e-21	0
-22.75	10	1.86457e-19	0	9.57406e-22	0
-22.5	10	-4.14727e-19	0	7.18119e-21	0
-22.25	10	-1.01591e-18	0	3.72623e-22	0
-22	10	2.11797e-18	0	-3.25002e-20	0
-21.75	10	5.25185e-18	0	-2.37059e-20	0
-21.5	10	-1.02338e-17	0	1.25101e-19	0
-21.25	10	-2.57194e-17	0	1.86108e-19	0
-21	10	4.66863e-17	0	-3.89553e-19	0
-20.75	10	1.19092e-16	0	-1.0205e-18	0
-20.5	10	-2.00573e-16	0	8.21358e-19	0
-20.25	10	-5.20237e-16	0	4.49079e-18	0
-20	10	8.0895e-16	0	1.13852e-19	0
-19.75	10	2.13814e-15	0	-1.62726e-17	0
-19.5	10	-3.05099e-15	0	-1.21899e-17	0
-19.25	10	-8.24011e-15	0	4.72848e-17	0
-19	10	1.07066e-14	0	7.61739e-17	0
-18.75	10	2.96534e-14	0	-9.74231e-17	0
-18.5	10	-3.47283e-14	0	-3.17781e-16	0
-18.25	10	-9.91099e-14	0	5.43776e-17	0
-18	10	1.0317e-13	0	1.00487e-15	0
-17.75	10	3.05451e-13	0	6.57099e-16	0
-17.5	10	-2.76966e-13	0	-2.341e-15	0
-17.25	10	-8.59382e-13	0	-3.83565e-15	0
-17	10	6.57527e-13	0	3.05639e-15	0
-16.75	10	2.17444e-12	0	1.29958e-14	0
-16.5	10	-1.3265e-12	0	3.96176e-15	0
-16.25	10	-4.82744e-12	0	-2.95786e-14	0
-16	10	2.07067e-12	0	-3.8701e-14	0
-15.75	10	8.96879e-12	0	3.45701e-14	0
-15.5	10	-1.69472e-12	0	1.29641e-13	0
-15.25	10	-1.23582e-11	0	5.30062e-14	0
-15	10	-2.94456e-12	0	-2.50252e-13	0
-14.75	10	6.4691e-12	0	-3.98721e-13	0
-14.5	10	1.6648e-11	0	1.32153e-13	0
-14.25	10	2.6827e-11	0	1.06281e-12	0
-14	10	-4.01017e-11	0	9.37149e-13	0
-13.75	10	-1.0703e-10	0	-1.26985e-12	0
-13.5	10	5.36466e-11	0	-3.60402e-12	0
-13.25	10	2.14323e-10	0	-1.62036e-12	0
-13	10	2.51292e-12	0	5.81948e-12	0
-12.75	10	-2.09298e-10	0	1.08186e-11	0
-12.5	10	-2.07944e-10	0	1.40063e-12	0
-12.25	10	-2.0659e-10	0	-2.10725e-11	0
-12	10	5.19306e-10	0	-3.05655e-11	0
-11.75	10	1.2452e-09	0	3.26373e-12	0
-11.5	10	-5.04745e-10	0	6.74453e-11	0
-11.25	10	-2.25469e-09	0	8.4939e-11	0
-11	10	-6.70789e-10	0	-2.03163e-11	0
-10.75	10	9.13114e-10	0	-1.99385e-10	0
-10.5	10	3.16923e-09	0	-2.38948e-10	0
-10.25	10	5.42535e-09	0	5.75158e-11	0
-10	10	-4.16e-09	0	5.53221e-10	0
-9.75	10	-1.37453e-08	0	6.8564e-10	1.97626e-323
-9.5	10	-2.48729e-09	0	-7.69253e-11	1.25399e-317
-9.25	10	8.77077e-09	0	-1.43604e-09	8.5926e-312
-9	10	1.77812e-08	0	-1.9788e-09	5.19601e-306
-8.75	10	2.67916e-08	0	-2.20163e-10	2.77286e-300
-8.5	10	-2.18064e-08	0	3.41017e-09	1.30587e-294
-8.25	10	-7.04044e-08	0	5.58291e-09	5.42732e-289
-8	10	-2.08206e-08	0	2.16276e-09	1.9906e-283
-7.75	10	2.87631e-08	0	-7.02304e-09	6.44309e-278
-7.5	10	9.56956e-08	0	-1.48615e-08	1.84043e-272
-7.25	10	1.62628e-07	0	-1.03218e-08	4.63934e-267
-7	10	-6.6336e-08	0	1.08255e-08	1.03207e-261
-6.75	10	-2.953e-07	0	3.57573e-08	2.02615e-256
-6.5	10	-1.94822e-07	0	3.74013e-08	3.51033e-251
-6.25	10	-9.43448e-08	0	-4.00829e-09	5.36709e-246
-6	10	4.07191e-07	0	-7.28067e-08	7.24173e-241
-5.75	10	9.08727e-07	0	-1.10753e-07	8.62301e-236
-5.5	10	1.22107e-07	0	-5.26201e-08	9.06127e-231
-5.25	10	-6.64514e-07	0	1.06872e-07	8.40296e-226
-5	10	-1.21912e-06	0	2.66965e-07	6.87683e-221
-4.75	10	-1.77373e-06	0	2.57483e-07	4.96659e-216
-4.5	10	6.89242e-07	0	-2.89918e-08	3.16549e-211
-4.25	10	3.15221e-06	0	-4.86633e-07	1.78048e-206
-4	10	2.67075e-06	0	-7.67864e-07	8.83783e-202
-3.75	10	2.1893e-06	0	-4.76516e-07	3.8714e-197
-3.5	10	-3.48668e-06	0	4.76876e-07	1.49659e-192
-3.25	10	-9.16265e-06	0	1.60429e-06	5.10566e-188
-3	10	-4.75311e-06	0	1.95452e-06	1.53714e-183
-2.75	10	-3.43561e-07	0	7.18472e-07	4.08403e-179
-2.5	10	1.07857e-05	0	-1.95682e-06	9.57585e-175
-2.25	10	2.19149e-05	0	-4.55709e-06	1.98143e-170
-2	10	7.33106e-06	0	-4.76017e-06	3.61821e-166
-1.75	10	-7.25278e-06	0	-9.82689e-07	5.8307e-162
-1.5	10	-2.76344e-05	0	5.8897e-06	8.29205e-158
-1.25	10	-4.80159e-05	0	1.19249e-05	1.04068e-153
-1	10	-1.10588e-05	0	1.17437e-05	1.15261e-149
-0.75	10	2.58983e-05	0	2.05785e-06	1.12659e-145
-0.5	10	6.41801e-05	0	-1.4711e-05	9.71757e-142
-0.25	10	0.000102462	0	-2.94622e-05	7.39716e-138
0	10	2.12164e-05	0	-3.00099e-05	4.96918e-134
0.25	10	-6.0029e-05	0	-8.59209e-06	2.9459e-130
0.5	10	-0.000139537	0	3.04457e-05	1.54122e-126
0.75	10	-0.000219046	0	6.81641e-05	7.11581e-123
1	10	-5.96269e-05	0	7.76065e-05	2.89933e-119
1.25	10	9.97916e-05	0	3.86143e-05	1.04252e-115
1.5	10	0.000282391	0	-4.57614e-05	3.30813e-112
1.75	10	0.00046499	0	-0.000141374	9.26393e-109
2	10	0.000193625	0	-0.00019189	2.28939e-105
2.25	10	-7.77395e-05	0	-0.000145092	4.99298e-102
2.5	10	-0.000507837	0	1.33691e-05	9.60974e-99
2.75	10	-0.000937935	0	0.000236473	1.63221e-95
3	10	-0.000584006	0	0.000419978	2.44656e-92
3.25	10	-0.000230077	0	0.000441042	3.23629e-89
3.5	10	0.000716124	0	0.000220713	3.77791e-86
3.75	10	0.00166232	0	-0.000216725	3.89197e-83
4	10	0.00149563	0	-0.000720614	3.53835e-80
4.25	10	0.00132894	0	-0.0010501	2.83887e-77
4.5	10	-0.000442163	0	-0.000968166	2.01003e-74
4.75	10	-0.00221326	0	-0.000362321	1.25595e-71
5	10	-0.00304157	0	0.000660402	6.9256e-69
5.25	10	-0.00386987	0	0.00175679	3.37019e-66
5.5	10	-0.00142987	0	0.00243713	1.44732e-63
5.75	10	0.00101013	0	0.00224623	5.48514e-61
6	10	0.00424121	0	0.000976535	1.83453e-58
6.25	10	0.00747228	0	-0.00117294	5.4147e-56
6.5	10	0.00612786	0	-0.00357148	1.41039e-53
6.75	10	0.00478344	0	-0.0053046	3.24201e-51
7	10	-0.00157943	0	-0.00547013	6.57663e-49
7.25	10	-0.0079423	0	-0.00353439	1.17735e-46
7.5	10	-0.0118055	0	0.000377598	1.86004e-44
7.75	10	-0.0156686	0	0.00537827	2.59329e-42
8	10	-0.0097248	0	0.0099695	3.19075e-40
8.25	10	-0.00378098	0	0.0124371	3.46456e-38
8.5	10	0.00831846	0	0.0113882	3.31984e-36
8.75	10	0.0204179	0	0.00627178	2.80736e-34
9	10	0.0250771	0	-0.00228995	2.09505e-32
9.25	10	0.0297363	0	-0.0124861	1.37975e-30
9.5	10	0.0176456	0	-0.021659	8.01905e-29
9.75	10	0.00555493	0	-0.0269377	4.11299e-27
10	10	-0.0158255	0	-0.0260078	1.86168e-25
10.25	10	-0.0372059	0	-0.0178142	7.43646e-24
10.5	10	-0.0476577	0	-0.00300123	2.62144e-22
10.75	10	-0.0581094	0	0.0160413	8.15507e-21
11	10	-0.0428697	0	0.0355588	2.23887e-19
11.25	10	-0.02763	0	0.0511639	5.42428e-18
11.5	10	0.00733995	0	0.0587569	1.15976e-16
11.75	10	0.0423099	0	0.055428	2.18831e-15
12	10	0.0724374	0	0.0401404	3.64386e-14
12.25	10	0.102565	0	0.0140495	5.35462e-13
12.5	10	0.102448	0	-0.0196051	6.94397e-12
12.75	10	0.102332	0	-0.0560018	7.94696e-11
13	10	0.0644108	0	-0.0895221	8.02614e-10
13.25	10	0.0264899	0	-0.114659	7.15362e-09
13.5	10	-0.0332555	0	-0.126876	5.62676e-08
13.75	10	-0.0930009	0	-0.123269	3.90574e-07
14	10	-0.144688	0	-0.102932	2.39256e-06
14.25	10	-0.196375	0	-0.0669983	1.29341e-05
14.5	10	-0.212702	0	-0.018379	6.17049e-05
14.75	10	-0.229028	0	0.0387289	0.000259787
15	10	-0.197669	0	0.0994536	0.000965227
15.25	10	-0.166309	0	0.158881	0.00316486
15.5	10	-0.0925302	0	0.21261	0.00915782
15.75	10	-0.0187512	0	0.257171	0.0233853
16	10	0.0803739	0	0.290263	0.0526996
16.25	10	0.179499	0	0.310823	0.104806
16.5	10	0.283985	0	0.318937	0.18394
16.75	10	0.388471	0	0.315642	0.284891
17	10	0.482498	0	0.302665	0.3894
17.25	10	0.576526	0	0.282136	0.469707
17.5	10	0.651506	0.5	0.256324	0.5
17.75	10	0.726486	1	0.22742	0.469707
18	10	0.780573	1	0.197368	0.3894
18.25	10	0.834659	1	0.16777	0.284891
18.5	10	0.870413	1	0.139837	0.18394
18.75	10	0.906166	1	0.114397	0.104806
19	10	0.928019	1	0.0919261	0.0526996
19.25	10	0.949872	1	0.0726117	0.0233853
19.5	10	0.962303	1	0.0564139	0.00915782
19.75	10	0.974733	1	0.0431335	0.00316486
20	10	0.981346	1	0.0324716	0.000965227
20.25	10	0.987959	1	0.0240792	0.000259787
20.5	10	0.991262	1	0.0175955	6.17049e-05
20.75	10	0.994566	1	0.0126747	1.29341e-05
21	10	0.996119	1	0.00900305	2.39256e-06
21.25	10	0.997673	1	0.0063079	3.90574e-07
21.5	10	0.998364	1	0.00436055	5.62676e-08
21.75	10	0.999054	1	0.00297485	7.15362e-09
22	10	0.999344	1	0.00200336	8.02614e-10
22.25	10	0.999634	1	0.00133202	7.94696e-11
22.5	10	0.99975	1	0.000874592	6.94397e-12
22.75	10	0.999865	1	0.000567183	5.35462e-13
23	10	0.999909	1	0.000363358	3.64386e-14
23.25	10	0.999953	1	0.00022999	2.18831e-15
23.5	10	0.999968	1	0.000143849	1.15976e-16
23.75	10	0.999984	1	8.89182e-05	5.42428e-18
24	10	0.99999	1	5.43264e-05	2.23887e-19
24.25	10	0.999995	1	3.2811e-05	8.15507e-21
24.5	10	0.999997	1	1.95914e-05	2.62144e-22
24.75	10	0.999998	1	1.15662e-05	7.43646e-24
25	10	0.999999	1	6.75205e-06	1.86168e-25
25.25	10	1	1	3.898e-06	4.11299e-27
25.5	10	1	1	2.22558e-06	8.01905e-29
25.75	10	1	1	1.25682e-06	1.37975e-30
26	10	1	1	7.02042e-07	2.09505e-32
26.25	10	1	1	3.8792e-07	2.80736e-34
26.5	10	1	1	2.12049e-07	3.31984e-36
26.75	10	1	1	1.14676e-07	3.46456e-38
27	10	1	1	6.13576e-08	3.19075e-40
27.25	10	1	1	3.24826e-08	2.59329e-42
27.5	10	1	1	1.70151e-08	1.86004e-44
27.75	10	1	1	8.81946e-09	1.17735e-46
28	10	1	1	4.52361e-09	6.57663e-49
28.25	10	1	1	2.29605e-09	3.24201e-51
28.5	10	1	1	1.1533e-09	1.41039e-53
28.75	10	1	1	5.73295e-10	5.4147e-56
29	10	1	1	2.82035e-10	1.83453e-58
29.25	10	1	1	1.37316e-10	5.48514e-61
29.5	10	1	1	6.61674e-11	1.44732e-63
29.75	10	1	1	3.15556e-11	3.37019e-66
30	10	1	1	1.48944e-11	6.9256e-69
30.25	10	1	1	6.95806e-12	1.25595e-71
30.5	10	1	1	3.21717e-12	2.01003e-74
30.75	10	1	1	1.47225e-12	2.83887e-77
31	10	1	1	6.66826e-13	3.53835e-80
31.25	10	1	1	2.98927e-13	3.89197e-83
31.5	10	1	1	1.32628e-13	3.77791e-86
31.75	10	1	1	5.82402e-14	3.23629e-89
32	10	1	1	2.53117e-14	2.44656e-92
32.25	10	1	1	1.08875e-14	1.63221e-95
32.5	10	1	1	4.6348e-15	9.60974e-99
32.75	10	1	1	1.95266e-15	4.99298e-102
33	10	1	1	8.1415e-16	2.28939e-105
33.25	10	1	1	3.35935e-16	9.26393e-109
33.5	10	1	1	1.37173e-16	3.30813e-112
33.75	10	1	1	5.54279e-17	1.04252e-115
34	10	1	1	2.21628e-17	2.89933e-119
34.25	10	1	1	8.76883e-18	7.11581e-123
34.5	10	1	1	3.43292e-18	1.54122e-126
34.75	10	1	1	1.32976e-18	2.9459e-130
35	10	1	1	5.09628e-19	4.96918e-134
35.25	10	1	1	1.93234e-19	7.39716e-138
35.5	10	1	1	7.2484e-20	9.71757e-142
35.75	10	1	1	2.68973e-20	1.12659e-145
36	10	1	1	9.87323e-21	1.15261e-149
36.25	10	1	1	3.58484e-21	1.04068e-153
36.5	10	1	1	1.2874e-21	8.29205e-158
36.75	10	1	1	4.57261e-22	5.8307e-162
37	10	1	1	1.60617e-22	3.61821e-166
37.25	10	1	1	5.57913e-23	1.98143e-170
37.5	10	1	1	1.91627e-23	9.57585e-175
37.75	10	1	1	6.50775e-24	4.08403e-179
38	10	1	1	2.185e-24	1.53714e-183
38.25	10	1	1	7.25245e-25	5.10566e-188
38.5	10	1	1	2.37952e-25	1.49659e-192
38.75	10	1	1	7.71666e-26	3.8714e-197
39	10	1	1	2.4732e-26	8.83783e-202
39.25	10	1	1	7.83319e-27	1.78048e-206
39.5	10	1	1	2.45143e-27	3.16549e-211
39.75	10	1	1	7.57978e-28	4.96659e-216
40	10	1	1	2.31526e-28	6.87683e-221
40.25	10	1	1	6.98548e-29	8.40296e-226
40.5	10	1	1	2.08158e-29	9.06127e-231
40.75	10	1	1	6.1254e-30	8.62301e-236
41	10	1	1	1.77976e-30	7.24173e-241
41.25	10	1	1	5.10518e-31	5.36709e-246
41.5	10	1	1	1.44551e-31	3.51033e-251
41.75	10	1	1	4.03947e-32	2.02615e-256
42	10	1	1	1.11391e-32	1.03207e-261
42.25	10	1	1	3.0306e-33	4.63934e-267
42.5	10	1	1	8.13357e-34	1.84043e-272
42.75	10	1	1	2.15293e-34	6.44309e-278
43	10	1	1	5.61939e-35	1.9906e-283
43.25	10	1	1	1.44602e-35	5.42732e-289
43.5	10	1	1	3.66771e-36	1.30587e-294
43.75	10	1	1	9.1676e-37	2.77286e-300
44	10	1	1	2.25765e-37	5.19601e-306
44.25	10	1	1	5.47639e-38	8.5926e-312
44.5	10	1	1	1.30815e-38	1.25399e-317
44.75	10	1	1	3.07636e-39	1.97626e-323
45	10	1	1	7.12046e-40	0
45.25	10	1	1	1.62161e-40	0
45.5	10	1	1	3.63263e-41	0
45.75	10	1	1	8.00185e-42	0
46	10	1	1	1.73265e-42	0
46.25	10	1	1	3.68659e-43	0
46.5	10	1	1	7.70503e-44	0
46.75	10	1	1	1.58119e-44	0
47	10	1	1	3.18477e-45	0
47.25	10	1	1	6.29305e-46	0
47.5	10	1	1	1.21936e-46	0
47.75	10	1	1	2.31568e-47	0
48	10	1	1	4.30797e-48	0
48.25	10	1	1	7.84643e-49	0
48.5	10	1	1	1.39837e-49	0
48.75	10	1	1	2.43697e-50	0
49	10	1	1	4.15016e-51	0
49.25	10	1	1	6.90368e-52	0
49.5	10	1	1	1.12022e-52	0
49.75	10	1	1	0	0
50	10	1	1	0	0
